5
3
1  2  3
6 10 12

15
5
5  4  7  2  6
12  3 10  3  6

165
31
 94 42 64 79 16 11 24 20 97  1 32 16  9 25 49 29 66 67 51  6 79  8 37 67 73 72 83  5 73 18 44
 98 49 54  7 96 73 86 34 38 15 80 53 95 19 60 67 10 87  5 31 71 16 79 60 50 90 63 35 19 27 92

146
16
 32 10 44 66 60  9 97 16 88 87 14 18 35 88 95 97
 66 38 36 33 37 71  4 27 54 45 13 43 70 39 97  6

105
31
 94 12 86 26 46 40 35 40 22 28 98 46 95 88 93 62 46 31 99 83 37 71  8 70 41 86 49  2 56  6  2
 80 95 87 56 94 79 78 22 21 12 98 55 81 99 59  8 39 62 39 59 33 95 48 37 48 61 95  2 32 37 69

151
26
 12 85 73 83 71 86 60 69 36 46 44 52  9 72 96 83  4 63 65 37 88  4 78 49 40 48
 66 90 28  2 17 21 24 30 37 68 67  4  6 86 72 15  1 24  4 76 90 74 18 49 66 30

141
27
 14  3 64 58 78 49 91 93 56 60 37 82 43 36 85 52 67 30 18 84 58 71 28  5 70 47 69
 72  9 50 78 60 70 96 43 73 69 89 63 17 39 46 79 36 86 80 14 40 94 19 93 71 46 82

187
13
 62 96 46 43 31 51 53 75 25 80  7 76 67
 99 47 32 64 55  1 16 55  6 16 60 88 29

197
25
 91 49 21 76 39 79 59  8 74 88 20 99 99 59 10 83 97 80 20 80 79 22 69 89 37
 29 21 87 93 99 24 29 19 76 43  8 22 10 39 44 72 33 47  2 64  2 25 45 83 39

188
12
 78 40 79 51 17 70 35 83  4 27 28  1
 48 77  6 31 77 60 40 69 59 62 74 33

137
25
 50 46 41 93  4 73  1 63 46 33 74 64 36 92 57 65 59 93 95 74 17  2 19 65 37
 32 62 63 17 33 76 41  3  8 89 73 30 24 33  5  4  1 86 53 71 45 43 32 48 94

170
36
 55 58  9 17 27 12  9 33 56 22 95 66 23 84 39 12 73 24 13 35 12 55 29 87 62 54 92  1 47 23  6 94 70 23 54 67
 30 29 22 78 51  8 51 17 74 62  2 57 71 37 18 88 52 29 72 29 99 19 87  5 28 37 85 11 84  3  9 28 87 34 20 14

133
26
 48 54 40 66 81 64 33 11 77 54 24 92 86 48 48 21 53 38 86 27 24  7 95 87 73 67
 60 14 21 66 88  9 34  2 26 52 84 98 40 81 66 83 51 50 34 23 44 26 66 53 38 15

195
38
 66 54 97 18 36 87 38 68  5 60  9 43 60 13 10 33 42 65  8 85 82 37 79 44 95 89 45 62 22 60 78 28 37 61 77 69 20 12
 81 64 18 74 16 20 91 72 53 51 66 64 67 28 82 26 78 10 82 43 60 36  2 56 88 20 19 55 54 69 41 75 58  8 46 79 47 32

180
29
  9 48  7 66 63 43 42 25 90 27 55  9 24  8 54 32 45 28 91 63 15 27 49  1 73 59 76 88 40
 40 56 69 70 24 32 40 57 16 73 73 66 14 38 91 98 64 88 46 39 56 12 99 98  8 17 47 27 93

119
34
 81 64 99 29 23 91 82 42 56 93  8 46 54 95 27 78 93 58 30 98 54 24  2 59 86 40 39  6 18 89 52 87 99 85
 57 37 52 70 69 13 19 83  2 54  3 10 88 44 63 96 25 18 74 55 63 26  7 12 30  6 41 39 32 25 78 40 88 89

168
20
 77 74 49 52 33 41 53  1 62 46 11 48 45 68 79 85 62 65 37 65
 30  5 86 42 83 57 39 27 76 20 63 98 61 35 94 25 97 84 48 23

102
20
 83 40 81 51 47 59 42 29  2  9 97  1 44  6 52 22 55  4 21 94
 98 36 47 89 52 84 20 95 22 41 60  9 80 61 48 98 50 30 17 50

158
34
 16 22  1 52 56 33 47 86 49 15 19 63 37 15 66 77 40 24 10 29 24  8 41 57 80 81 59 63 71 49 59 76 86 34
 34  8 89 98 80 51  7 16 90 50 99 70 27  7 24 51 43 68 73 16 57 33 37 98 41 29 61 30 33  9 35 35 29 10

112
18
 69 36 62 66 81 72 81  4 72 34 56 90 47 51 10 14 65 54
 94 89 62  9 16 80  3 43 11 57 57  6 60 17 73 33  6 71

130
10
 92 45 85 82 47 94 50 79  1 65
 47 47 57 25 83 96 38 72 24 81

107
22
 93 51 38 97 98 96 49 69 68 78 23  9 98 34 26 47 69 64 91 18 34 92
 47 10 60 92 98 62  5 86 38 73  8 13 25 86 98 41 27 32 79 65 31 92

136
17
 45 66 26 26 93  6  5 36  9 84 50  5 42 92 93 77 93
  4 65 64 71  8 75 41 94 68 41 90 47 81 83 67 78  7

168
11
 94 44 81 79  9 23  4 55 86 88 90
 36 83 31 32 90 98 70 77 26 31 18

105
24
 72 43 50 10 20 55  4  9 53 35 36 85 37 35 70 71 19 59 39 98 63 61 66 85
  1 66 95 89 35 58 18 63 82 28 11 75 90 33 47 16 96 63 86 75  4 63 95 91

