1027
1 24
1034
1 36
1003
1 23
1026
1 35
1041
1 38
1045
1 37
1021
1 35
1009
1 35
1044
1 30
1038
1 25
1049
1 24
1038
1 31
1021
1 34
1012
1 25
1045
1 36
1013
1 22
1017
1 31
1030
1 37
1042
1 21
1014
1 35
1020
1 20
1030
1 31
1037
1 33
1049
1 27
1011
1 29
1033
1 33
1003
1 36
1002
1 34
1006
1 25
1018
1 27
1002
1 22
1024
1 37
1007
1 36
1011
1 20
1035
1 38
1006
1 22
1011
1 38
1036
1 29
1036
1 36
1043
1 24
1023
1 30
1004
1 21
1029
1 31
1039
1 20
1039
1 24
1002
1 27
1029
1 36
1024
1 27
1028
1 23
1036
1 37
1036
1 33
1014
1 33
1035
1 20
1047
1 35
1021
1 35
1008
1 35
1013
1 37
1049
1 35
1038
1 33
1027
1 25
1039
1 31
1037
1 23
1002
1 23
1044
1 21
1013
1 20
1028
1 25
1030
1 20
1018
1 35
1025
1 38
1046
1 38
1022
1 32
1014
1 39
1044
1 38
1022
1 39
1001
1 23
1033
1 31
1036
1 22
1005
1 35
1041
1 31
1026
1 26
1020
1 36
1037
1 24
1026
1 30
1037
1 21
1026
1 24
1040
1 30
1036
1 26
1049
1 33
1018
1 30
1042
1 22
1002
1 35
1027
1 23
1006
1 21
1000
1 32
1015
1 37
1008
1 23
1003
1 33
1025
1 22
1033
1 39
1042
1 22
3
1 38
10008
1 35
10003
1 34
10049
1 21
10042
1 35
10004
1 38
10026
1 22
10049
1 31
