50
1 2 3 4 5 6 7 8 9 10 11 12 13 14 15 16 17 18 19 20 21 22 23 24 25 26 27 28 29 30 31 32 33 34 35 36 37 38 39 40 41 42 43 44 45 46 47 48 49 50 
execNum:301  time:0ms

50
0 1 2 6 12 16 16 18 23 24 24 26 26 26 28 32 36 36 37 37 37 43 43 44 47 51 52 52 52 59 59 61 63 64 64 66 69 70 72 72 75 75 79 82 82 86 87 95 96 96 
execNum:242  time:0ms

50
1 3 4 6 9 9 11 17 18 19 20 23 23 25 26 28 32 33 34 36 36 37 38 43 43 45 48 50 52 52 53 54 54 60 61 61 66 67 74 74 79 80 80 83 87 91 94 95 96 99 
execNum:319  time:0ms

50
1 2 2 6 9 10 11 11 13 18 21 23 25 28 29 31 32 32 33 33 34 35 35 39 42 45 45 47 49 51 52 53 60 62 63 64 68 77 77 80 82 83 85 87 88 90 92 92 92 96 
execNum:235  time:0ms

50
4 8 10 10 13 13 15 16 17 20 22 23 27 29 31 34 36 40 41 42 46 48 49 51 53 55 56 59 60 61 63 63 66 70 74 74 75 82 82 88 88 90 91 93 93 94 96 96 97 99 
execNum:260  time:0ms

50
5 7 8 8 11 12 12 13 15 19 21 22 26 27 29 29 30 31 32 35 43 45 46 47 51 51 55 58 59 65 66 67 67 68 68 72 74 76 80 83 84 85 86 87 87 91 91 95 98 98 
execNum:236  time:0ms

50
3 3 12 12 14 14 18 19 19 26 26 26 27 31 33 36 36 38 38 39 44 46 48 48 50 51 53 54 55 61 63 64 64 68 68 68 71 72 74 78 78 80 83 84 84 85 85 89 92 96 
execNum:268  time:0ms

50
1 2 3 5 8 9 10 10 11 12 13 13 13 16 17 17 20 27 28 29 29 32 32 37 37 38 40 43 47 47 48 52 54 54 62 65 65 68 71 75 79 80 81 83 84 86 88 94 99 99 
execNum:351  time:0ms

50
1 4 8 14 14 15 18 18 24 27 28 31 32 34 35 38 41 47 49 50 50 51 53 57 59 64 64 67 69 71 71 72 73 75 78 78 79 79 80 81 83 86 86 89 90 94 96 96 97 98 
execNum:234  time:0ms

50
0 0 0 10 13 14 20 20 21 26 27 30 33 35 35 36 36 41 44 45 45 48 49 49 51 52 54 55 57 57 61 61 71 71 75 76 76 76 77 78 82 83 84 85 86 88 94 94 96 99 
execNum:226  time:0ms

50
1 1 4 4 6 7 8 8 8 9 15 18 19 20 21 22 24 25 27 29 31 48 49 51 52 53 54 54 55 58 60 64 65 66 69 69 70 71 72 77 81 83 83 85 87 87 89 89 98 99 
execNum:228  time:0ms

50
2 2 2 3 3 3 4 5 7 12 13 13 15 17 24 26 28 31 35 38 38 39 41 42 42 44 46 47 50 50 50 54 54 56 61 64 65 71 78 84 87 87 89 91 94 96 97 97 97 99 
execNum:294  time:0ms

50
0 2 3 3 4 8 8 14 16 19 20 22 27 28 29 29 30 31 39 39 43 48 52 52 53 53 53 56 58 59 63 65 67 68 69 70 72 72 73 74 76 82 82 85 90 92 93 96 97 99 
execNum:294  time:0ms

50
5 7 12 14 17 17 18 18 20 23 24 24 25 25 26 27 35 36 37 41 42 44 45 45 50 50 50 53 54 57 59 61 63 67 70 71 73 74 74 74 77 80 84 88 89 89 91 96 98 99 
execNum:247  time:0ms

50
0 1 2 4 6 7 10 12 12 13 13 14 19 21 23 27 29 30 30 31 31 33 36 39 46 49 49 54 54 55 62 62 63 68 69 71 71 72 72 76 76 77 86 87 89 91 94 96 96 99 
execNum:254  time:0ms

50
2 3 6 7 12 13 19 19 21 21 22 22 23 25 28 29 30 31 35 39 41 42 45 45 46 49 51 51 51 51 57 59 60 61 62 65 69 69 70 73 73 74 75 76 87 88 97 99 99 99 
execNum:252  time:0ms

50
0 2 4 4 4 7 11 13 19 21 24 25 28 29 30 30 32 39 41 46 50 53 56 57 58 58 59 60 62 68 69 73 76 77 79 80 80 81 82 82 83 87 89 91 92 94 94 96 99 99 
execNum:276  time:0ms

50
1 6 7 8 10 12 13 15 16 19 21 21 21 21 22 23 23 25 25 27 28 30 32 32 32 34 36 36 38 39 44 44 46 57 58 59 63 63 64 65 76 82 83 84 89 90 90 92 96 97 
execNum:240  time:0ms

50
0 0 0 2 5 5 7 7 10 11 14 15 15 20 25 26 26 28 30 31 33 34 35 38 43 43 47 47 47 48 56 57 67 69 70 70 72 73 77 79 81 83 87 87 88 91 94 96 96 98 
execNum:239  time:0ms

50
0 6 8 9 10 10 15 16 16 16 18 19 20 26 30 31 34 38 40 43 47 48 48 51 52 53 58 62 68 69 71 72 73 73 74 79 81 82 83 84 84 85 88 89 89 93 95 98 98 98 
execNum:255  time:0ms

50
0 2 2 5 7 8 9 10 11 12 17 19 22 22 23 26 28 37 42 42 47 48 50 53 56 56 57 57 57 60 61 62 62 64 71 72 73 75 78 80 81 83 89 89 90 92 94 95 98 98 
execNum:287  time:0ms

50
1 3 8 11 14 17 18 23 24 25 26 28 34 37 40 43 43 45 45 45 47 48 48 49 49 50 53 53 58 60 65 65 67 67 69 71 72 73 75 77 78 82 82 84 85 90 92 94 97 97 
execNum:234  time:0ms

50
1 6 6 7 16 17 18 22 25 28 37 38 39 40 40 42 48 48 48 49 52 54 57 60 60 62 63 64 65 65 65 65 67 72 73 76 84 84 84 85 89 89 90 92 92 97 97 97 98 98 
execNum:373  time:0ms

50
1 2 2 3 3 5 8 10 12 13 18 21 24 27 27 27 28 29 31 32 32 37 46 47 49 49 51 54 57 59 62 63 63 65 71 71 72 72 74 75 78 79 80 87 89 91 94 96 97 99 
execNum:261  time:0ms

50
0 1 2 4 7 11 11 12 13 15 21 22 27 28 29 32 32 33 36 37 39 47 54 54 57 57 57 58 60 61 63 64 65 70 70 73 73 75 78 88 88 88 88 91 92 93 94 94 95 97 
execNum:285  time:0ms

50
1 3 3 7 8 9 10 10 20 21 23 23 24 29 30 30 33 33 34 35 36 38 39 40 42 43 49 51 52 58 59 60 62 64 65 67 72 76 77 78 79 82 83 85 85 89 95 98 98 98 
execNum:229  time:0ms

50
0 1 5 7 10 12 13 19 20 20 28 29 29 32 33 35 35 35 37 38 43 46 46 46 49 50 54 54 55 55 56 59 63 67 68 69 70 72 73 80 80 81 83 87 89 91 92 93 94 97 
execNum:262  time:0ms

50
1 1 4 4 4 5 7 10 12 15 16 16 17 19 20 21 22 24 29 31 34 36 36 36 39 43 48 49 50 54 56 57 58 59 60 64 64 71 72 73 77 78 78 81 82 88 91 97 98 99 
execNum:230  time:0ms

50
2 2 4 12 14 15 16 21 22 25 32 32 34 34 34 36 37 40 44 45 45 45 46 47 48 50 55 56 57 60 63 64 64 64 67 68 69 70 71 78 81 82 83 86 87 90 93 93 96 98 
execNum:247  time:0ms

50
0 2 2 3 3 4 4 6 6 7 9 10 10 14 16 16 18 19 20 21 24 28 32 34 36 37 39 46 52 56 57 63 68 69 71 72 75 76 79 84 84 85 89 89 90 93 94 96 98 99 
execNum:236  time:0ms

50
0 1 1 5 6 9 9 10 11 13 14 15 15 18 29 29 35 38 38 40 41 42 42 45 50 58 65 66 67 71 71 73 75 77 78 78 78 81 81 82 84 85 88 88 89 89 89 91 92 95 
execNum:278  time:0ms

50
0 2 3 6 8 9 10 11 13 15 15 20 20 22 23 23 24 25 26 29 33 35 37 42 42 43 43 44 44 45 49 52 52 54 55 56 60 62 63 71 75 78 82 83 84 85 90 92 94 94 
execNum:270  time:0ms

50
3 5 10 12 13 13 14 17 19 20 23 24 25 30 31 32 33 34 35 36 36 37 39 44 48 49 50 51 52 53 53 55 58 61 62 63 64 67 70 73 74 75 78 79 80 82 86 89 92 97 
execNum:239  time:0ms

50
5 10 14 15 16 16 18 20 20 22 24 32 32 33 38 42 43 45 47 49 49 51 51 52 53 54 55 55 57 58 58 59 60 61 63 63 65 66 68 69 69 72 75 78 81 81 82 82 84 85 
execNum:238  time:0ms

50
1 2 4 9 9 10 11 14 15 16 19 20 26 27 28 31 32 34 39 39 40 40 45 46 46 54 54 55 55 56 57 58 60 61 68 70 76 77 79 85 86 90 91 92 93 95 95 97 98 98 
execNum:261  time:0ms

50
1 2 3 6 7 7 8 12 14 15 19 20 21 22 23 32 33 35 39 41 42 46 50 50 52 59 60 60 62 64 65 67 72 75 75 76 77 78 80 81 83 83 85 87 91 92 92 95 98 99 
execNum:248  time:0ms

50
1 6 6 7 7 8 10 19 20 21 23 24 24 25 31 31 32 33 35 38 44 45 52 52 54 56 57 57 57 61 61 65 65 66 67 68 71 71 71 72 73 75 77 77 84 85 86 87 94 99 
execNum:222  time:0ms

50
1 2 3 6 8 11 12 13 15 16 16 19 23 24 26 27 30 30 31 35 37 37 38 42 45 50 61 62 62 63 64 65 66 66 69 74 75 76 82 87 88 90 91 94 94 95 95 97 98 98 
execNum:225  time:0ms

50
1 1 2 2 3 3 4 7 8 8 12 13 21 26 34 34 35 37 40 40 41 44 46 46 49 51 51 52 53 56 56 58 59 61 61 64 67 72 74 80 80 81 82 82 83 88 92 94 95 98 
execNum:270  time:0ms

50
2 8 14 19 22 22 25 27 28 28 31 33 35 36 39 40 42 44 47 50 50 51 52 53 54 55 57 61 61 64 66 68 73 74 74 75 77 78 78 80 81 83 83 84 85 88 91 93 93 98 
execNum:269  time:0ms

50
3 3 4 7 10 12 13 18 20 22 23 24 26 30 31 35 37 37 37 39 43 44 45 45 46 53 58 60 64 65 66 67 68 68 69 69 70 70 71 71 74 76 78 80 85 87 89 92 95 99 
execNum:233  time:0ms

50
2 2 4 5 8 10 10 21 23 24 25 26 26 30 31 33 36 40 41 41 43 46 49 54 55 58 61 63 64 64 70 71 72 75 76 76 80 82 85 85 85 86 89 90 90 91 92 93 95 99 
execNum:232  time:0ms

50
1 4 6 9 12 12 14 16 18 23 24 24 25 26 27 30 31 31 31 32 33 36 39 42 43 46 49 50 52 52 52 53 54 55 57 59 63 63 67 77 78 79 84 85 89 91 93 93 96 96 
execNum:253  time:0ms

50
1 7 11 11 11 11 13 14 14 17 20 32 33 36 37 39 39 39 41 42 44 44 45 50 59 60 62 62 65 66 69 70 74 74 76 77 78 79 87 87 87 88 91 91 91 92 94 94 96 97 
execNum:270  time:0ms

50
6 10 11 13 15 15 18 26 28 31 33 33 35 38 41 41 42 43 44 45 45 46 47 50 50 54 55 55 58 59 60 62 73 73 73 74 75 79 83 87 88 89 92 93 93 94 96 98 98 99 
execNum:230  time:0ms

50
0 5 7 8 8 10 12 14 14 14 18 19 21 24 24 25 29 31 31 32 32 35 35 38 40 43 45 45 46 52 56 56 60 61 62 67 67 69 72 75 76 77 82 89 92 92 94 95 95 97 
execNum:227  time:0ms

50
2 3 5 7 10 13 14 15 16 19 21 24 29 29 29 30 41 43 43 48 50 51 57 58 58 65 65 68 68 70 70 72 80 81 83 85 87 89 90 91 92 93 93 93 94 94 95 97 97 97 
execNum:275  time:0ms

50
0 0 0 2 13 16 21 23 27 30 32 34 35 37 37 43 44 45 49 49 52 53 57 58 61 62 62 63 64 65 65 66 66 66 66 67 68 69 70 70 72 72 72 74 80 83 83 94 98 99 
execNum:245  time:0ms

50
2 6 6 7 8 9 10 12 13 14 16 16 17 18 19 20 21 25 26 30 34 37 39 41 42 45 48 49 50 52 54 57 61 61 63 63 65 68 71 74 76 78 82 88 89 92 96 98 98 98 
execNum:289  time:0ms

50
0 2 2 3 3 5 9 9 11 12 14 14 18 24 25 25 29 30 36 36 37 41 42 43 44 46 51 52 52 54 55 57 59 60 61 64 78 79 80 80 85 85 86 92 93 93 94 95 96 98 
execNum:244  time:0ms

50
0 8 9 14 15 17 24 25 25 25 26 28 29 31 31 34 35 35 35 36 39 40 44 48 48 53 54 54 57 57 58 60 61 62 63 64 64 65 65 75 75 77 78 78 85 90 93 94 96 98 
execNum:235  time:0ms

