50
1 2 3 4 5 6 7 8 9 10 11 12 13 14 15 16 17 18 19 20 21 22 23 24 25 26 27 28 29 30 31 32 33 34 35 36 37 38 39 40 41 42 43 44 45 46 47 48 49 50 
50
2 79 28 24 70 82 64 72 32 43 47 59 44 69 37 63 66 59 16 1 75 36 18 12 37 96 87 82 26 96 36 61 86 26 52 0 52 37 26 51 23 52 95 24 64 72 6 16 75 43 
50
61 45 26 54 37 9 38 99 4 11 9 20 94 25 54 74 83 33 34 61 79 80 87 91 32 48 36 95 23 28 52 1 43 50 18 23 19 36 60 17 6 3 74 96 53 52 66 67 43 80 
50
82 31 60 10 33 21 68 83 34 6 9 25 53 62 92 52 63 28 32 13 92 45 96 11 35 51 49 88 2 92 35 23 90 11 32 39 29 42 33 77 2 64 85 77 18 1 47 87 45 80 
50
4 16 74 88 22 13 34 74 51 99 93 42 36 20 27 88 55 46 23 93 94 10 90 82 63 10 70 96 61 91 15 13 60 96 66 53 8 59 56 41 82 31 29 48 40 17 97 75 49 63 
50
19 91 68 98 12 67 45 91 58 35 65 32 98 83 51 95 15 29 27 59 21 55 30 11 80 87 13 68 8 43 31 66 72 87 46 85 26 84 5 76 47 12 67 74 51 7 22 29 86 8 
50
26 63 48 72 44 19 71 38 74 55 3 85 12 51 27 14 68 83 18 84 38 64 54 96 19 85 36 89 48 68 68 53 33 78 31 78 3 46 50 26 12 92 64 84 61 26 80 39 14 36 
50
16 80 1 9 54 62 54 29 17 28 65 29 99 5 20 83 32 10 43 2 13 11 65 94 37 17 81 84 47 75 13 88 86 8 13 10 38 27 47 3 32 40 37 12 71 79 68 52 48 99 
50
32 78 79 96 81 73 79 83 64 31 64 69 4 80 27 59 90 15 49 14 86 1 51 75 89 97 98 96 8 28 47 35 67 14 53 94 86 41 78 71 34 24 18 50 71 18 38 50 72 57 
50
20 21 36 84 48 30 76 85 10 51 45 83 0 26 35 99 27 88 86 41 94 61 76 36 55 82 75 44 96 20 0 14 35 52 76 49 33 0 78 54 61 13 94 57 49 77 57 71 45 71 
50
64 19 22 24 69 21 65 4 55 60 9 70 69 83 98 52 58 18 54 99 72 66 89 25 87 54 4 48 7 83 71 6 81 15 27 89 85 49 1 29 31 8 20 51 8 8 1 77 87 53 
50
97 35 97 99 50 4 96 78 46 54 31 71 89 2 7 3 13 39 61 38 94 12 64 54 15 44 3 50 87 50 2 41 13 5 17 47 26 42 42 65 91 3 97 56 2 38 28 24 84 87 
50
28 90 2 82 97 68 76 53 72 19 85 8 31 73 93 65 29 53 43 70 52 52 27 29 99 0 67 3 8 82 48 96 74 56 63 39 14 53 92 69 59 4 16 22 39 3 30 58 20 72 
50
91 61 35 37 42 18 99 57 96 25 50 18 84 59 24 67 7 25 12 41 23 44 70 50 77 45 5 54 88 89 74 14 36 26 45 53 63 50 17 89 17 71 74 98 74 24 20 73 80 27 
50
1 96 29 19 39 76 63 96 21 10 31 49 36 2 71 54 12 33 87 62 31 46 13 54 76 27 0 62 77 69 14 99 68 86 6 94 30 89 49 72 55 23 30 91 13 72 71 4 12 7 
50
46 49 19 23 22 21 65 74 51 70 28 3 99 6 42 39 57 25 29 75 62 13 88 45 59 87 41 12 2 45 99 73 76 61 21 31 30 97 60 69 51 99 7 35 73 19 69 51 51 22 
50
58 73 87 94 79 92 56 4 80 58 46 21 39 25 81 7 99 32 82 13 89 82 59 94 41 77 30 19 68 50 96 60 28 99 24 0 29 80 2 30 91 62 4 11 76 57 4 53 83 69 
50
38 10 32 76 8 90 19 21 16 25 39 32 36 65 84 89 97 58 21 22 12 46 25 92 36 7 96 64 90 23 28 34 82 32 6 15 63 44 23 44 63 30 27 21 83 21 57 59 13 1 
50
47 0 72 20 30 96 14 7 33 70 87 96 83 35 81 98 79 94 26 7 31 0 57 70 87 10 88 5 15 73 2 0 11 91 69 15 47 43 38 48 34 67 47 77 26 28 56 5 25 43 
50
38 16 19 98 73 84 20 89 69 85 82 15 10 40 30 8 26 16 47 43 51 9 52 10 58 62 0 53 83 84 34 89 74 71 18 95 98 88 68 48 16 48 79 81 6 73 31 93 72 98 
50
95 62 94 8 90 57 75 2 2 98 22 80 37 60 48 23 56 57 81 7 57 9 22 11 89 83 78 62 50 56 71 26 17 10 19 5 92 64 28 73 98 0 89 72 47 12 42 53 61 42 
50
18 69 23 26 14 78 53 49 65 75 40 71 90 92 67 17 34 1 82 49 47 45 43 77 48 53 50 37 73 60 82 84 97 45 8 85 94 11 45 24 97 58 28 48 67 43 65 25 3 72 
50
97 65 65 39 57 98 22 18 84 60 65 73 65 1 85 48 6 72 28 97 63 98 84 92 54 90 40 16 49 60 37 97 48 64 17 38 89 48 84 40 25 67 42 7 89 92 76 62 52 6 
50
21 78 3 49 63 72 2 37 54 74 97 65 5 32 28 62 13 79 10 57 94 63 32 47 99 71 87 8 80 46 59 3 49 91 51 31 18 27 1 24 89 2 72 27 96 75 71 12 27 29 
50
60 75 32 70 37 21 33 61 57 47 94 0 54 11 88 91 29 54 57 64 27 57 93 11 39 88 15 28 95 92 73 70 4 1 97 58 88 7 12 32 94 88 2 65 73 78 22 63 13 36 
50
39 29 62 3 85 34 85 3 89 35 24 20 33 82 65 78 43 58 10 23 76 33 83 95 7 21 64 52 98 42 77 51 9 10 72 30 23 30 98 8 1 49 60 38 59 98 67 36 40 79 
50
38 87 29 63 7 80 67 59 20 13 5 29 55 50 68 1 32 70 97 80 54 55 46 93 89 28 73 46 91 54 49 0 20 81 83 19 10 35 56 72 12 37 35 43 46 69 33 35 94 92 
50
36 56 98 48 81 36 34 1 1 73 15 24 50 78 49 88 17 16 64 4 39 31 57 36 12 29 7 60 43 58 91 22 72 21 97 4 10 82 4 64 5 20 78 54 71 77 59 19 16 99 
50
34 47 32 45 81 86 68 87 57 55 25 50 98 93 40 64 16 21 93 14 78 63 15 82 45 36 67 64 69 56 32 64 83 37 2 34 90 96 2 12 44 70 22 71 4 34 46 60 45 48 
50
9 85 20 37 0 16 14 10 75 84 4 10 89 2 68 96 7 89 36 4 84 52 76 69 99 16 71 39 28 46 6 18 24 90 3 94 63 34 72 32 19 56 2 57 79 93 3 98 21 6 
50
78 88 84 81 58 0 40 89 13 1 67 45 15 9 88 66 41 38 82 35 71 6 11 5 78 77 29 42 38 29 73 95 92 14 15 65 89 91 85 71 18 81 75 10 78 50 42 89 1 9 
50
63 15 92 52 15 94 29 42 8 9 45 94 11 33 26 24 20 56 62 55 22 82 84 2 35 44 37 54 10 42 20 43 23 23 6 75 83 0 25 60 85 13 90 78 71 43 44 52 49 3 
50
63 50 62 13 25 55 37 49 24 12 36 17 52 44 10 35 86 89 82 34 53 39 61 31 75 48 73 19 23 36 20 5 78 53 70 33 64 30 3 74 97 67 51 79 92 13 80 14 58 32 
50
5 85 38 52 15 63 55 55 24 61 47 75 54 59 51 57 63 49 66 82 58 69 82 45 72 32 16 16 20 49 84 18 60 81 22 33 58 32 51 65 53 14 78 69 43 81 20 68 42 10 
50
14 31 34 2 95 85 39 91 9 54 60 20 16 45 79 57 56 55 1 54 10 93 40 61 26 86 15 46 19 76 98 39 28 97 95 32 46 11 40 9 70 92 58 98 68 27 77 90 4 55 
50
33 98 8 3 85 60 46 22 2 19 80 52 42 65 81 32 12 76 77 59 87 14 75 60 83 7 50 62 92 95 7 99 6 64 50 39 75 72 67 41 35 23 21 83 1 92 15 20 91 78 
50
23 85 7 73 77 56 71 68 1 61 10 65 84 21 44 35 66 65 52 72 67 71 87 71 32 75 24 99 61 77 38 33 45 57 54 94 7 6 25 57 86 52 8 31 31 20 6 24 19 57 
50
38 37 1 76 98 35 24 11 15 3 16 19 2 65 69 95 62 94 45 8 23 37 64 42 82 98 61 27 26 30 30 75 50 90 66 16 12 74 6 91 62 63 66 94 95 87 13 31 88 97 
50
44 53 7 1 59 61 80 46 56 8 34 46 81 95 52 21 8 83 41 40 13 35 72 12 2 82 4 3 61 49 40 34 3 1 94 92 56 80 37 26 51 58 67 88 51 74 64 98 82 2 
50
68 78 77 39 75 25 28 28 83 40 84 50 81 74 2 8 36 19 61 91 42 35 55 73 33 27 80 50 57 98 88 31 14 52 22 51 85 47 93 78 22 83 54 44 93 64 61 66 53 74 
50
20 67 35 4 58 45 39 95 69 80 24 69 71 60 68 53 37 3 71 70 92 74 18 76 3 64 46 89 85 31 68 44 65 26 12 78 23 70 99 45 13 37 10 66 22 43 87 30 37 7 
50
85 85 61 26 99 82 92 55 93 76 49 23 10 5 91 41 85 72 63 4 95 89 36 71 80 54 41 2 2 86 31 24 70 64 21 8 33 25 40 43 10 26 46 30 76 58 90 64 90 75 
50
33 39 12 30 23 52 53 36 9 55 12 18 25 96 52 16 63 63 91 54 31 42 24 79 43 4 31 59 14 96 46 50 1 31 6 93 89 67 32 57 49 24 84 78 85 52 77 93 27 26 
50
78 41 42 7 17 50 20 65 14 91 44 87 94 70 11 37 69 62 74 11 76 36 97 92 91 77 39 33 14 87 66 39 74 45 11 13 91 96 1 62 32 59 87 39 94 79 88 11 60 44 
50
15 6 94 98 33 75 73 47 41 93 83 60 74 73 55 55 41 54 31 44 59 45 92 58 15 98 26 96 99 38 13 35 43 79 18 11 50 89 42 50 45 10 88 87 62 28 73 46 93 33 
50
45 67 5 95 75 77 25 62 21 14 24 7 94 60 18 46 32 14 52 82 45 31 95 35 24 14 43 8 12 19 89 38 61 40 67 29 97 92 76 10 69 32 56 0 8 31 92 35 72 56 
50
85 2 68 65 97 7 68 93 19 13 95 97 48 41 58 16 14 57 10 70 24 5 72 91 30 3 94 83 50 58 29 92 43 93 29 81 21 80 89 90 29 43 15 65 51 94 70 87 97 93 
50
70 72 49 57 23 74 58 62 98 45 67 43 44 83 65 35 53 66 62 21 37 34 94 30 0 27 37 65 83 52 72 80 68 13 64 61 70 2 69 63 66 32 16 66 49 0 99 72 0 66 
50
45 82 16 71 76 6 50 78 42 6 2 52 16 61 65 98 41 57 9 39 30 49 48 21 63 19 92 20 74 12 34 13 25 63 88 17 89 68 96 7 98 18 54 98 8 14 61 26 10 37 
50
59 52 93 36 98 12 3 43 9 94 93 64 86 37 46 80 95 96 85 42 80 57 30 11 85 14 44 78 24 18 5 41 25 54 14 0 36 92 25 60 55 79 9 2 61 51 52 29 2 3 
50
94 26 8 65 25 54 93 62 64 61 90 17 77 25 31 96 34 53 24 9 15 75 40 75 48 0 31 65 48 58 29 78 98 78 57 54 63 60 64 44 85 35 35 28 14 25 57 35 36 39 
