4
0 2 5 6 
2 0 4 4 
5 4 0 2 
6 4 2 0 
4
0 30 6 4 
30 0 5 10 
6 5 0 20 
4 10 20 0 
6
0 2 4 5 6 1 
2 0 3 2 3 7 
4 3 0 1 2 3 
5 2 1 0 1 3 
6 3 2 1 0 3 
1 7 3 3 3 0 
14
0 30 53 14 34 45 43 53 49 21 31 37 37 39 
30 0 42 18 20 58 23 45 42 55 55 10 16 45 
53 42 0 17 19 42 51 15 52 34 26 12 52 40 
14 18 17 0 14 44 11 42 30 12 32 51 49 32 
34 20 19 14 0 26 38 36 36 27 41 39 18 11 
45 58 42 44 26 0 46 59 58 13 12 15 20 57 
43 23 51 11 38 46 0 22 34 33 39 51 27 44 
53 45 15 42 36 59 22 0 55 20 35 50 23 38 
49 42 52 30 36 58 34 55 0 44 20 16 49 30 
21 55 34 12 27 13 33 20 44 0 22 47 54 50 
31 55 26 32 41 12 39 35 20 22 0 56 17 10 
37 10 12 51 39 15 51 50 16 47 56 0 13 31 
37 16 52 49 18 20 27 23 49 54 17 13 0 46 
39 45 40 32 11 57 44 38 30 50 10 31 46 0 
7
0 40 13 32 16 24 56 
40 0 37 34 40 37 22 
13 37 0 26 46 17 52 
32 34 26 0 44 41 40 
16 40 46 44 0 51 17 
24 37 17 41 51 0 37 
56 22 52 40 17 37 0 
12
0 20 59 46 53 27 57 27 38 29 55 54 
20 0 56 50 18 32 57 29 11 13 55 51 
59 56 0 45 39 18 36 19 29 15 49 30 
46 50 45 0 28 32 33 25 14 31 40 56 
53 18 39 28 0 48 17 44 28 10 10 57 
27 32 18 32 48 0 58 53 27 55 45 59 
57 57 36 33 17 58 0 20 57 51 49 37 
27 29 19 25 44 53 20 0 23 36 44 59 
38 11 29 14 28 27 57 23 0 48 39 37 
29 13 15 31 10 55 51 36 48 0 53 55 
55 55 49 40 10 45 49 44 39 53 0 11 
54 51 30 56 57 59 37 59 37 55 11 0 
6
0 57 14 54 33 52 
57 0 27 32 27 31 
14 27 0 47 51 43 
54 32 47 0 35 37 
33 27 51 35 0 42 
52 31 43 37 42 0 
14
0 28 52 25 39 43 51 44 33 41 20 12 24 25 
28 0 29 35 57 46 55 51 16 31 49 10 13 31 
52 29 0 55 40 50 25 18 15 44 20 40 40 18 
25 35 55 0 36 25 32 37 46 42 45 34 38 52 
39 57 40 36 0 52 45 50 57 22 29 17 34 14 
43 46 50 25 52 0 59 48 35 21 24 30 44 50 
51 55 25 32 45 59 0 54 18 37 25 54 17 57 
44 51 18 37 50 48 54 0 47 26 18 45 58 14 
33 16 15 46 57 35 18 47 0 11 17 28 10 16 
41 31 44 42 22 21 37 26 11 0 33 19 31 10 
20 49 20 45 29 24 25 18 17 33 0 46 33 32 
12 10 40 34 17 30 54 45 28 19 46 0 58 43 
24 13 40 38 34 44 17 58 10 31 33 58 0 18 
25 31 18 52 14 50 57 14 16 10 32 43 18 0 
13
0 56 15 39 18 28 54 51 13 16 23 23 17 
56 0 57 12 24 28 28 13 18 42 58 36 49 
15 57 0 59 10 13 18 10 45 36 28 43 19 
39 12 59 0 34 32 57 22 16 27 53 17 42 
18 24 10 34 0 56 35 44 10 48 53 27 42 
28 28 13 32 56 0 36 31 38 35 26 10 27 
54 28 18 57 35 36 0 52 24 36 17 47 54 
51 13 10 22 44 31 52 0 36 21 57 22 57 
13 18 45 16 10 38 24 36 0 38 21 40 10 
16 42 36 27 48 35 36 21 38 0 28 32 31 
23 58 28 53 53 26 17 57 21 28 0 16 55 
23 36 43 17 27 10 47 22 40 32 16 0 46 
17 49 19 42 42 27 54 57 10 31 55 46 0 
10
0 40 56 28 33 10 34 51 21 45 
40 0 11 36 14 25 59 57 42 59 
56 11 0 46 40 57 14 12 51 48 
28 36 46 0 36 33 14 56 11 17 
33 14 40 36 0 15 28 53 49 48 
10 25 57 33 15 0 54 20 58 32 
34 59 14 14 28 54 0 47 16 54 
51 57 12 56 53 20 47 0 55 42 
21 42 51 11 49 58 16 55 0 43 
45 59 48 17 48 32 54 42 43 0 
8
0 49 23 16 24 32 57 35 
49 0 28 43 34 56 41 16 
23 28 0 30 47 58 24 57 
16 43 30 0 51 19 18 16 
24 34 47 51 0 18 52 52 
32 56 58 19 18 0 41 41 
57 41 24 18 52 41 0 17 
35 16 57 16 52 41 17 0 
10
0 53 13 27 50 28 20 21 13 40 
53 0 57 54 53 36 59 43 12 10 
13 57 0 12 55 10 46 21 15 18 
27 54 12 0 44 36 42 47 46 15 
50 53 55 44 0 44 56 49 37 37 
28 36 10 36 44 0 31 36 16 18 
20 59 46 42 56 31 0 34 21 11 
21 43 21 47 49 36 34 0 24 57 
13 12 15 46 37 16 21 24 0 38 
40 10 18 15 37 18 11 57 38 0 
9
0 19 55 43 22 30 21 52 45 
19 0 49 35 22 53 35 53 48 
55 49 0 25 42 33 21 32 35 
43 35 25 0 55 40 22 25 35 
22 22 42 55 0 31 53 52 51 
30 53 33 40 31 0 59 23 56 
21 35 21 22 53 59 0 43 16 
52 53 32 25 52 23 43 0 26 
45 48 35 35 51 56 16 26 0 
12
0 15 17 49 34 27 21 42 37 41 18 39 
15 0 36 55 55 55 37 53 36 41 56 38 
17 36 0 19 39 37 32 28 35 14 32 43 
49 55 19 0 59 26 30 26 40 30 51 37 
34 55 39 59 0 37 55 52 58 34 48 10 
27 55 37 26 37 0 38 28 21 11 12 46 
21 37 32 30 55 38 0 17 40 14 19 23 
42 53 28 26 52 28 17 0 55 31 15 31 
37 36 35 40 58 21 40 55 0 45 57 26 
41 41 14 30 34 11 14 31 45 0 58 45 
18 56 32 51 48 12 19 15 57 58 0 20 
39 38 43 37 10 46 23 31 26 45 20 0 
6
0 47 39 28 33 58 
47 0 17 57 19 18 
39 17 0 58 37 30 
28 57 58 0 35 31 
33 19 37 35 0 47 
58 18 30 31 47 0 
